858924511 38530 3 6402 0.011264782057171732
930620467 1739 9 1236 0.0023861138214259572
84624158 9997 0 1382733 0.6532136977663644
68956490 10106 130 1272719 0.578351824153133
555756533 15469 1 1404 0.0017306474823927573
21870796 1614 1692 64339 0.026128146662644913
17080369 961590 1447 17923 0.0068107945158695695
1427649937 22 0 414 0.001679475143734067
295261631 839 1847 10613 0.008117420130452364
295851976 685 2002 8799 0.0067379704082950465
179702995 765 1503 4646 0.002753555480606656
255269743 403 1671 631 0.0004450547051698311
1116729936 113 112 1084 0.0026780851477078843
235518156 554 1425 15889 0.010731959390969917
1334990018 714 309 7436 0.02484584117840657
1522435412 3 3 282 0.0014186334485092652
1635435564 576 1180 1889 0.014086719705846823
220694052 995 1889 1795 0.0011660800753359188
874216177 885 2005 1307 0.0023522825359489482
1517250534 747 1313 11022 0.05471429708443585
861895020 23660 23144 40594 0.07175383242279011
1617607394 357 228 1218 0.008443477113532417
387333668 160 620 1707 0.001570548134333113
1971872934 66 383 71 0.0037801849096083247
1971189493 19 82 0 0.0
1439005866 227 1218 36 0.00014976896057706534
1948170774 88 698 26 0.0007632022990001562
1623202639 196 749 7 4.9581256773891644e-05
150122336 1542 1220 14181 0.00787517225377432
1165307407 211 968 117 0.0003074307187138991
1958746525 56 7 186 0.0067593267807434295
1944202554 306 614 3 8.305996606538943e-05
1610137633 802 625 1683 0.011313964993485338
1897621988 65 127 81 0.001441153777038684
460324434 139202 11057 316 0.0003320218702946057
347561607 79647 67847 18458 0.01560015199541309
273337637 479 163 2160 0.0015801103704655328
515265830 3535 1715 17273 0.01978553773753699
216293183 116 275 1215 0.000780340814974888
115845507 1852 2024 7598 0.003907183027912747
1894797211 103 2004 15 0.0002611955675692618
180471215 57 82 1547 0.0009182823940363999
161948349 6895 6178 11548 0.006581756360797126
2147930778 18 109 54 0.003491657739949091
19087236 66 0 4127 0.0016379563258214626
1427649937 22 0 414 0.0016794723049337542
1918202534 5338 5230 19122 0.40513212557358586
84624158 9997 0 1382733 0.6532135486178654
347561607 79648 67847 18458 0.01560015001769575
18073211 299296 11546 110420 0.04295205620975307
1163370205 177847 39752 8546 0.02239879784905842
295261244 173888 55954 61526 0.04705850139025878
1235046816 15633 14937 9702 0.027614546621345135
993711421 100402 30606 18726 0.03942904319823738
89905959 22383 21 654661 0.3139156771557421
858924511 38530 3 6402 0.011264769834112393
421571652 26114 0 390624 0.3839682369848687
217553490 129672 97070 231126 0.14892485099283395
326694182 316 1290 15 1.2179618518108521e-05
414596785 617 1999 37 3.592053000191883e-05
413017572 647 1992 31 3.0018716669843648e-05
349941493 99259 87784 23858 0.02026188286860125
1851877784 6117 6692 2277 0.030404336278813685
326809520 354 1745 29 2.3552439967808416e-05
1942409670 180 604 91 0.0024636732284903503
79627930 80 611 86 4.009378121909851e-05
427967368 469 1999 39 3.8779013268670263e-05
1004999161 2319 1350 50926 0.10891268599893339
808646838 1209 1649 4688 0.007747292826846353
1040640625 174 262 398 0.0008952165520592042
1707387098 466 482 6304 0.06725496984248318
569730806 5456 6030 91508 0.11608579719930814
724541864 38 177 545 0.0008230381413493256
1643982169 55 64 5763 0.044637941217286904
298206795 204 122 1322 0.0010169596353181722
257144529 234 550 9815 0.006949619026581768
1637685217 860 1531 870 0.006549776165791146
1556210647 1774 1738 6876 0.03821913433883056
1716556712 53 5 58111 0.6522024594938476
223604189 225526 155918 10437 0.006832778477867278
1400591827 1959 1958 8298 0.03168762977636698
1644019831 2940 3240 48435 0.3752310574230958
341926411 25142 25341 22784 0.019052570832270688
536988920 27605 27377 45787 0.05431618551626119
1913794885 18669 0 14482 0.2936363912853942
587742420 33300 33309 22970 0.030217249129247937
14426526 42066 45646 30652 0.010518162360045222
1623392545 210 1830 33 0.00023389417139268738
541429153 279 2 427 0.0005109133952937139
90055464 11720 0 184814 0.08865815422572695
68956490 10106 130 1272719 0.5783515744781036
555756533 15469 1 1404 0.0017306454557685829
514470346 13148 2846 10 1.1440997005090215e-05
276751732 5469 1 246598 0.18166942590497856
363833790 1815 0 75317 0.06571901115474568
266708392 539 1 29467 0.02127364702158233
421571652 26114 0 390624 0.38396807343372363
1339541833 1643 1580 11962 0.04032158616665997
302748777 186998 21 2838 0.002202217752777235
195370058 3171 3 708 0.0004343107318457884
858924511 38530 3 6402 0.011264760253895237
930620467 1739 9 1236 0.0023861087543711143
134008266 59 0 0 0.0
421571652 26114 0 390624 0.38396804198159634
122264472 13854 6 5568 0.0029062626933685116