33613303 43 130 112 4.69427519867e-05
245353542 21 25 7 4.83205908292e-06
237890582 56363 155 2246 0.00152362922693
237845487 873652 70 2411 0.00163540972033
63365720 368 121 3110 0.00139384732188
26896715 22 85 124 5.12080597301e-05
152707999 27 75 124 6.91704960687e-05
55793637 114022 63 11095 0.004891135714
757090320 730 1598 1979 0.0030875737482
1651353775 971 1900 3219 0.0254806951478
34843626 2415 16 122 5.12391559886e-05
393207402 2103 20 268 0.000249343503985
175624200 108015 66 3002 0.00176150744197
63485337 1400111 217 25553 0.0114564107289
689183 1428 226 11669 0.00327453771639
188653863 637 482 20213 0.0122024668949
1315795314 14 18 61 0.000194874844826
18474300 1784 186 1325 0.000520387206309
16076032 291413 840 39971 0.0146981987747
16908341 539 349 1683 0.000636245463727
21358493 82838 257 2759 0.00111616432698
212018296 76341 387 14169 0.00899692508226
55008245 195 71 2746 0.00120860179414
269046025 100901 37 6132 0.00444237196003
576185800 46698 41 180 0.000230998141042
271662759 13891 241 5415 0.00394330998527
539570549 2202 209 1233 0.00146729252636
50085192 122 55 776 0.000338327385125
16580665 3880 385 8945 0.00334702944184
16190898 12032921 560 8374 0.00309189960825
34507480 10791979 50085 31120 0.0130618767727
57571700 465 179 445 0.000196911626254
14063949 13759 104 5489 0.00183937975672
278102507 27 16 28 2.06645017403e-05
227719679 77 25 150 9.91200998602e-05
7573752 20412 858 16230 0.0049033043508
393165499 518 399 51524 0.0479319092269
1688271901 975 997 3589 0.0340935916112
28523526 696 157 2063 0.000855651188298
1332081686 3829 4015 7086 0.0234414956155
622383673 1067 240 237 0.000335475540471
435525090 1228117 21031 9785 0.00984234313147
23178004 22868 7646 26121 0.0106625394767
24447643 3014296 436 4843 0.00198578913585
15729243 5742 102 2343 0.000849352039491
128781736 8705 101 913 0.000483832530211
702682293 215 279 879 0.0223817510219
14563958 18364 769 50655 0.0174613186806
18264302 28592 480 57162 0.0223237197639
25399451 2391 699 14619 0.00601191365619
74262901 6795 1250 14716 0.00676889619523
1607406049 764 726 1043 0.00686734275645
74262901 6795 1250 14716 0.00676889614334
276900431 20 50 5 3.68115616771e-06
54730258 442303 849 19296 0.00848833387106
16228965 7464 2 4135 0.00152844235312
1968822696 331 358 417 0.0191934015203
28061932 961065 259 5485 0.00227217016706
1027821919 739 655 2578 0.00567666337559
1183041 2434522 290 37197 0.0106533514237
1586501 201635 900 7542 0.00216476746895
52534584 588356 329 2870 0.00125687174738
93653204 106 102 31 1.50234251545e-05
416963802 490273 197 1403 0.00136618988079
19225408 61946 76 48651 0.0193365242955
20745130 77840 905 17562 0.00707641727465
164690772 7917 8072 54490 0.0312201161137
38934368 82066 250 3924 0.00166388319823
1468401 1374544 867 7253 0.00208094365874
383709549 16154 14363 16475 0.0150109320131
21882128 80082 808 5994 0.00243290299575
1919231 62305 368 10927 0.0031397282513
18619979 190937 1031 3096 0.00121984945655
28521141 550115 329 9358 0.00388128429615
180752345 6040 3421 70038 0.0415649323435
21196272 63579 405 4846 0.00195880339237
454423088 262884 1 694 0.000720829639601
14369768 55402 843 19295 0.00660085181607
14321959 217098 1109 62558 0.0213462593039
566280129 41 123 46 5.78504362489e-05
1727898648 30 97 8 9.3642950744e-05
105834931 7 60 12 6.01733840904e-06
1487823786 74 140 2829 0.013180584333
602839471 3396 3438 76 0.000103081093897
1898709044 180 477 12 0.000210150932151
1970255328 354 1163 279 0.0133856391443
1898520319 138 545 27 0.000471869719683
1869848498 160 105 973 0.0142034188442
110472704 1737 1328 22810 0.0115633551378
1892447562 263 1103 591 0.00990222322504
87403396 1369073 466643 12302 0.00585465312025
1968112284 279 593 334 0.0150094145879
1898529175 17 37 293 0.00512103618545
1691269087 651 2001 943 0.00909109313888
1897313810 466 1147 57 0.000987578457622
1149719965 24 196 741 0.00190241281228
147638815 80 115 2150 0.00118692272828
1636439712 6 96 0 0.0
591719288 11 91 0 0.0
1979411504 107 233 34 0.00198045369864
1171129572 158 2002 2 5.27466592024e-06
1949959874 27 38 159 0.00463484783707
2147518209 17 97 18 0.0010645019166
1941607556 2 61 13 0.00033563978106
2149309546 9 164 0 0.0
2150383855 156 1086 11 0.000736755151705
2150411934 5 59 0 0.0
1578661868 240 1397 7 4.16359849111e-05
1484611268 18 221 3 1.38678623846e-05
50016868 11 32 7 3.0516024891e-06
2149223141 27 182 18 0.00120063099829
302923776 53 190 173 0.000134141090141
583349930 24 197 6 7.80900204837e-06
177791840 46 298 37 2.18203370456e-05
1975372735 57 209 79 0.00421161873655
77928459 36 364 17 7.88909876212e-06
2150133054 1 46 0 0.0
1027788312 2 20 0 0.0
1950278107 9 27 2 5.86334019833e-05
2149439804 51 468 2 0.000127329601161
2147934154 3 24 6 0.000362652439946
2150129178 7 29 0 0.0
2150103288 2 27 3 0.000197873301725
1317596611 11 39 88 0.000282286732107
1144803474 7 126 266 0.000678724863099
303507908 15 35 302 0.000234425756063
27740962 399 423 17757 0.00734998915114
1962509082 0 16 0 0.0
84580826 91 214 2529 0.00119382484305
31422134 83 259 104 4.34542235869e-05
147638815 80 115 2150 0.00118692248803
14187242 325 638 204 6.90143156666e-05
1828494559 38 160 1 1.25990257173e-05
1734726980 14 30 7 8.49867127322e-05
19724839 253 211 362 0.000144656661643
19677804 869 596 7093 0.00283297806944
39338986 29 15 10 4.24536584355e-06
55789535 76 190 1284 0.000566031227305
29764539 297 729 186 7.73951628772e-05
314426795 4 39 14 1.10941847018e-05
191142825 26 48 8 4.85676686244e-06
